335.72323
845.00803
118.29769
405.47428
230.2608
332.38798
162.39494
643.20763
943.9051
289.03814
776.10527
223.66473
154.61094
668.53096
278.30207
840.55002
901.1058
111.79969
100.52496
484.96594
302.88635
195.52808
223.00502
729.19014
62.0173
691.27297
453.45072
125.20646
552.27448
678.19198
585.48388
527.40892
990.57948
785.95206
269.43659
927.38279
16.5235
40.49347
428.11306
432.39281
286.51599
3.3149
436.07733
876.26679
151.80043
532.2907
169.5785
479.74553
87.68765
501.75835
652.43658
935.87401
173.35252
96.47362
973.11579
443.8975
746.76463
966.42453
686.7687
270.49141
734.41585
958.59901
112.30688
830.75137
944.73178
193.87924
267.59644
525.38126
116.95151
498.30912
258.36155
411.73368
949.27834
863.40851
554.57298
370.21563
108.34842
634.31549
768.58435
796.16173
636.15498
262.02957
343.10985
593.75497
335.01
923.8317
642.81825
477.72342
190.2398
103.48559
218.35459
484.12561
781.51766
653.62032
126.9579
5.40482
666.60383
889.66529
527.79457
852.17115
839.70995
556.35489
526.16152
831.71445
600.97386
846.69509
792.3281
870.43397
786.26041
717.6472
16.01036
18.54113
200.38245
753.53323
167.47089
413.06401
713.10231
76.28678
224.51941
350.37978
825.14949
35.27856
167.81511
452.22065
9.12164
490.34703
674.71786
399.11674
347.42131
10.0878
89.99456
206.79178
525.37866
503.95643
902.87777
376.13396
285.06037
894.68319
823.55064
564.16137
48.43634
104.02844
406.68863
325.27647
293.75385
323.9833
902.93646
637.68989
224.08343
505.96348
633.13478
728.92677
385.59365
21.57909
583.35633
598.25467
814.45209
296.48137
784.42212
737.38255
939.385
74.1213
557.02196
14.83951
118.20387
394.56132
888.70808
963.16427
894.5488
119.84344
568.34028
984.81911
971.96217
742.34041
859.69084
216.20241
382.66264
90.19544
307.5865
936.66911
452.54149
191.65527
191.28109
362.63475
893.26801
619.44429
95.4726
662.43739
254.9209
357.01154
830.29836
698.18467
726.03773
150.8039
40.41867
847.73555
725.96934
709.05168
862.16518
188.44301
